-255
0 0 -255 -70 0.0
0 0 -255 -70 0.0
0 0 -255 -70 0.0
-2 0 -255 -70 0.0
-2 0 -255 -70 0.0
-27 0 -255 -70 0.0
-38 -2 -253 -70 0.0022522522522522522
-82 -3 -252 -70 0.0011261261261261261
-85 -4 -251 -70 0.0011261261261261261
-80 -6 -249 -70 0.0022522522522522522
-73 -7 -248 -70 0.0011261261261261261
-69 -8 -247 -70 0.0011261261261261261
-68 -10 -245 -70 0.0022522522522522522
-66 -10 -245 -70 0.0
-65 -11 -244 -70 0.0011261261261261261
-67 -12 -243 -70 0.0011261261261261261
-68 -14 -241 -70 0.0022522522522522522
-65 -14 -241 -70 0.0
-64 -16 -239 -70 0.0022522522522522522
-63 -16 -239 -70 0.0
-63 -18 -237 -70 0.0022522522522522522
-62 -18 -237 -70 0.0
-63 -20 -235 -70 0.0022522522522522522
-64 -20 -235 -70 0.0
-62 -22 -233 -70 0.0022522522522522522
-61 -22 -233 -70 0.0
-62 -24 -231 -70 0.0022522522522522522
-65 -25 -230 -70 0.0011261261261261261
-71 -26 -229 -70 0.0011261261261261261
-76 -27 -228 -70 0.0011261261261261261
-74 -28 -227 -70 0.0011261261261261261
-71 -30 -225 -70 0.0022522522522522522
-66 -30 -225 -70 0.0
-62 -31 -224 -70 0.0011261261261261261
-60 -32 -223 -70 0.0011261261261261261
-63 -33 -222 -70 0.0011261261261261261
-66 -34 -221 -70 0.0011261261261261261
-67 -36 -219 -70 0.0022522522522522522
-69 -36 -219 -70 0.0
-67 -38 -217 -70 0.0022522522522522522
-64 -39 -216 -70 0.0011261261261261261
-63 -40 -215 -70 0.0011261261261261261
-64 -41 -214 -70 0.0011261261261261261
-68 -42 -213 -70 0.0011261261261261261
-70 -44 -211 -70 0.0022522522522522522
-69 -44 -211 -70 0.0
-69 -46 -209 -70 0.0022522522522522522
-65 -46 -209 -70 0.0
-62 -48 -207 -70 0.0022522522522522522
-65 -48 -207 -70 0.0
-70 -50 -205 -70 0.0022522522522522522
-71 -51 -204 -70 0.0011261261261261261
-71 -52 -203 -70 0.0011261261261261261
-69 -54 -201 -70 0.0022522522522522522
-66 -54 -201 -70 0.0
-66 -56 -199 -70 0.0022522522522522522
-67 -56 -199 -70 0.0
-69 -58 -197 -70 0.0022522522522522522
-72 -59 -196 -70 0.0011261261261261261
-74 -60 -195 -70 0.0011261261261261261
-73 -61 -194 -70 0.0011261261261261261
-71 -62 -193 -70 0.0011261261261261261
-70 -63 -192 -70 0.0011261261261261261
-71 -64 -191 -70 0.0011261261261261261
-72 -66 -189 -70 0.0022522522522522522
-73 -67 -188 -70 0.0011261261261261261
-74 -68 -187 -70 0.0011261261261261261
-73 -69 -186 -70 0.0011261261261261261
-72 -70 -185 -70 0.0011261261261261261
-72 -71 -184 -70 0.0011261261261261261
-75 -72 -183 -70 0.0011261261261261261
-76 -74 -181 -70 0.0022522522522522522
-72 -75 -180 -70 0.0011261261261261261
-69 -76 -179 -70 0.0011261261261261261
-69 -78 -177 -70 0.0022522522522522522
-68 -78 -177 -70 0.0
-70 -80 -175 -70 0.0022522522522522522
-69 -81 -174 -70 0.0011261261261261261
-69 -82 -173 -70 0.0011261261261261261
-67 -83 -172 -70 0.0011261261261261261
-67 -84 -171 -70 0.0011261261261261261
-68 -85 -170 -70 0.0011261261261261261
-66 -86 -169 -70 0.0011261261261261261
-68 -88 -167 -70 0.0022522522522522522
-69 -88 -167 -70 0.0
-70 -90 -165 -70 0.0022522522522522522
-71 -91 -164 -70 0.0011261261261261261
-70 -92 -163 -70 0.0011261261261261261
-68 -93 -162 -70 0.0011261261261261261
-65 -94 -161 -70 0.0011261261261261261
-66 -95 -160 -70 0.0011261261261261261
-67 -96 -159 -70 0.0011261261261261261
-70 -97 -158 -70 0.0011261261261261261
-71 -98 -157 -70 0.0011261261261261261
-70 -99 -156 -70 0.0011261261261261261
-69 -100 -155 -70 0.0011261261261261261
-69 -102 -153 -70 0.0022522522522522522
-70 -103 -152 -70 0.0011261261261261261
-71 -104 -151 -70 0.0011261261261261261
-69 -105 -150 -70 0.0011261261261261261
-68 -106 -149 -70 0.0011261261261261261
-68 -108 -147 -70 0.0022522522522522522
-68 -108 -147 -70 0.0
-69 -110 -145 -70 0.0022522522522522522
-66 -110 -145 -70 0.0
-66 -112 -143 -70 0.0022522522522522522
-67 -113 -142 -70 0.0011261261261261261
-71 -114 -141 -70 0.0011261261261261261
-71 -116 -139 -70 0.0022522522522522522
-76 -117 -138 -70 0.0011261261261261261
-78 -118 -137 -70 0.0011261261261261261
-76 -119 -136 -70 0.0011261261261261261
-74 -120 -135 -70 0.0011261261261261261
-72 -121 -134 -70 0.0011261261261261261
-73 -122 -133 -70 0.0011261261261261261
-74 -124 -131 -70 0.0022522522522522522
-73 -125 -130 -70 0.0011261261261261261
-67 -126 -129 -70 0.0011261261261261261
-64 -127 -128 -70 0.0011261261261261261
-67 -128 -127 -70 0.0011261261261261261
-66 -129 -126 -70 0.0011261261261261261
-66 -130 -125 -70 0.0011261261261261261
-68 -131 -124 -70 0.0011261261261261261
-71 -132 -123 -70 0.0011261261261261261
-71 -133 -122 -70 0.0011261261261261261
-69 -134 -121 -70 0.0011261261261261261
-68 -136 -119 -70 0.0022522522522522522
-70 -136 -119 -70 0.0
-73 -138 -117 -70 0.0022522522522522522
-74 -139 -116 -70 0.0011261261261261261
-72 -140 -115 -70 0.0011261261261261261
-69 -141 -114 -70 0.0011261261261261261
-67 -142 -113 -70 0.0011261261261261261
-68 -144 -111 -70 0.0022522522522522522
-69 -144 -111 -70 0.0
-72 -146 -109 -70 0.0022522522522522522
-73 -147 -108 -70 0.0011261261261261261
-71 -148 -107 -70 0.0011261261261261261
-67 -149 -106 -70 0.0011261261261261261
-64 -150 -105 -70 0.0011261261261261261
-64 -151 -104 -70 0.0011261261261261261
-65 -152 -103 -70 0.0011261261261261261
-66 -153 -102 -70 0.0011261261261261261
-69 -154 -101 -70 0.0011261261261261261
-69 -155 -100 -70 0.0011261261261261261
-67 -156 -99 -70 0.0011261261261261261
-66 -158 -97 -70 0.0022522522522522522
-65 -158 -97 -70 0.0
-67 -160 -95 -70 0.0022522522522522522
-76 -161 -94 -70 0.0011261261261261261
-81 -162 -93 -70 0.0011261261261261261
-82 -164 -91 -70 0.0022522522522522522
-77 -165 -90 -70 0.0011261261261261261
-73 -166 -89 -70 0.0011261261261261261
-72 -167 -88 -70 0.0011261261261261261
-73 -168 -87 -70 0.0011261261261261261
-75 -170 -85 -70 0.0022522522522522522
-77 -171 -84 -70 0.0011261261261261261
-75 -172 -83 -70 0.0011261261261261261
-66 -173 -82 -70 0.0011261261261261261
-68 -174 -81 -70 0.0011261261261261261
-69 -175 -80 -70 0.0011261261261261261
-71 -176 -79 -70 0.0011261261261261261
-72 -178 -77 -70 0.0022522522522522522
-71 -178 -77 -70 0.0
-71 -180 -75 -70 0.0022522522522522522
-70 -180 -75 -70 0.0
-67 -182 -73 -70 0.0022522522522522522
-67 -183 -72 -70 0.0011261261261261261
-68 -184 -71 -70 0.0011261261261261261
-71 -186 -69 -70 0.0022522522522522522
-73 -187 -68 -70 0.0011261261261261261
-72 -188 -67 -70 0.0011261261261261261
-70 -189 -66 -70 0.0011261261261261261
-69 -190 -65 -70 0.0011261261261261261
-69 -191 -64 -70 0.0011261261261261261
-71 -192 -63 -70 0.0011261261261261261
-71 -194 -61 -70 0.0022522522522522522
-70 -195 -60 -70 0.0011261261261261261
-68 -196 -59 -70 0.0011261261261261261
-66 -197 -58 -70 0.0011261261261261261
-63 -198 -57 -70 0.0011261261261261261
-62 -199 -56 -70 0.0011261261261261261
-64 -200 -55 -70 0.0011261261261261261
-64 -201 -54 -70 0.0011261261261261261
-62 -202 -53 -70 0.0011261261261261261
-63 -203 -52 -70 0.0011261261261261261
-64 -204 -51 -70 0.0011261261261261261
-63 -205 -50 -70 0.0011261261261261261
-65 -206 -49 -70 0.0011261261261261261
-78 -207 -48 -70 0.0011261261261261261
-81 -208 -47 -70 0.0011261261261261261
-81 -210 -45 -70 0.0022522522522522522
-80 -211 -44 -70 0.0011261261261261261
-76 -212 -43 -70 0.0011261261261261261
-74 -213 -42 -70 0.0011261261261261261
-74 -214 -41 -70 0.0011261261261261261
-74 -216 -39 -70 0.0022522522522522522
-73 -217 -38 -70 0.0011261261261261261
-68 -218 -37 -70 0.0011261261261261261
-65 -219 -36 -70 0.0011261261261261261
-65 -220 -35 -70 0.0011261261261261261
-65 -222 -33 -70 0.0022522522522522522
-73 -223 -32 -70 0.0011261261261261261
-74 -224 -31 -70 0.0011261261261261261
-74 -225 -30 -70 0.0011261261261261261
-74 -226 -29 -70 0.0011261261261261261
-73 -228 -27 -70 0.0022522522522522522
-72 -229 -26 -70 0.0011261261261261261
-71 -230 -25 -70 0.0011261261261261261
-68 -232 -23 -68.98423423423424 0.0022522522522522522
-66 -232 -23 -69.0 0.0
-66 -234 -21 -62.984234234234236 0.0022522522522522522
-71 -235 -20 -59.99211711711712 0.0011261261261261261
-68 -236 -19 -56.99211711711712 0.0011261261261261261
-66 -237 -18 -53.99211711711712 0.0011261261261261261
-63 -238 -17 -50.99211711711712 0.0011261261261261261
-56 -238 -17 -51.0 0.0
-56 -240 -15 -44.984234234234236 0.0022522522522522522
-53 -240 -15 -45.0 0.0
-50 -241 -14 -41.99211711711712 0.0011261261261261261
-50 -242 -13 -38.99211711711712 0.0011261261261261261
-44 -242 -13 -39.0 0.0
-43 -243 -12 -35.99211711711712 0.0011261261261261261
-39 -244 -11 -32.99211711711712 0.0011261261261261261
-31 -244 -11 -33.0 0.0
-28 -244 -11 -33.0 0.0
-25 -245 -10 -29.992117117117118 0.0011261261261261261
-24 -245 -10 -30.0 0.0
-24 -246 -9 -26.992117117117118 0.0011261261261261261
-24 -246 -9 -27.0 0.0
-25 -247 -8 -23.992117117117118 0.0011261261261261261
-28 -247 -8 -24.0 0.0
-28 -248 -7 -20.992117117117118 0.0011261261261261261
-33 -248 -7 -21.0 0.0
-31 -249 -6 -17.992117117117118 0.0011261261261261261
-31 -249 -6 -18.0 0.0
-31 -250 -5 -14.992117117117116 0.0011261261261261261
-31 -250 -5 -15.0 0.0
-31 -250 -5 -15.0 0.0
-22 -250 -5 -15.0 0.0
-22 -250 -5 -15.0 0.0
-22 -250 -5 -15.0 0.0
-12 -250 -5 -15.0 0.0
-12 -250 -5 -15.0 0.0
-12 -250 -5 -15.0 0.0
-6 -250 -5 -15.0 0.0
-6 -250 -5 -15.0 0.0
-6 -250 -5 -15.0 0.0
-2 -250 -5 -15.0 0.0
-2 -250 -5 -15.0 0.0
-2 -250 -5 -15.0 0.0
0 -250 -5 -15.0 0.0
0 -250 -5 -15.0 0.0
0 -250 -5 -15.0 0.0
0 -250 -5 -15.0 0.0
0 -250 -5 -15.0 0.0
0 -250 -5 -15.0 0.0
0 -250 -5 -15.0 0.0
0 -250 -5 -15.0 0.0
0 -250 -5 -15.0 0.0
0 -250 -5 -15.0 0.0
0 -250 -5 -15.0 0.0
0 -250 -5 -15.0 0.0
0 -250 -5 -15.0 0.0
0 -250 -5 -15.0 0.0
0 -250 -5 -15.0 0.0
0 -250 -5 -15.0 0.0
-6 -251 -4 -11.992117117117116 0.0011261261261261261
